model = LogisticRegression(max_iter=500)

              precision    recall  f1-score   support

           1       0.76      0.80      0.78        90
           2       0.60      0.62      0.61        71
           3       0.81      0.83      0.82       178
           4       0.89      0.93      0.91       200
           5       0.92      0.86      0.89       232
           6       0.92      0.88      0.90       135
           7       0.82      0.78      0.80       164
           8       0.54      0.55      0.54        86
           9       0.46      0.47      0.46        55
          10       0.57      0.57      0.57        60
          11       0.79      0.64      0.71       143
          12       0.68      0.73      0.71        64
          13       0.73      0.73      0.73       102
          14       0.52      0.72      0.61        64
          15       0.77      0.65      0.71        81
          16       0.94      1.00      0.97       207

    accuracy                           0.79      1932
   macro avg       0.73      0.74      0.73      1932
weighted avg       0.79      0.79      0.79      1932


Using TfidfVectorizer

              precision    recall  f1-score   support

           1       0.82      0.80      0.81        90
           2       0.74      0.82      0.78        71
           3       0.81      0.91      0.86       178
           4       0.86      0.98      0.92       200
           5       0.93      0.91      0.92       232
           6       0.92      0.90      0.91       135
           7       0.86      0.93      0.89       164
           8       0.65      0.53      0.59        86
           9       0.80      0.73      0.76        55
          10       0.71      0.45      0.55        60
          11       0.84      0.73      0.78       143
          12       0.96      0.77      0.85        64
          13       0.82      0.75      0.79       102
          14       0.92      0.73      0.82        64
          15       0.96      0.80      0.87        81
          16       0.82      1.00      0.90       207

    accuracy                           0.85      1932
   macro avg       0.84      0.80      0.81      1932
weighted avg       0.85      0.85      0.84      1932



model = MLPClassifier(hidden_layer_sizes=(10),max_iter=300, random_state=42, solver='lbfgs')

              precision    recall  f1-score   support

           1       0.80      0.74      0.77        90
           2       0.55      0.55      0.55        71
           3       0.79      0.81      0.80       178
           4       0.89      0.94      0.91       200
           5       0.92      0.86      0.89       232
           6       0.82      0.86      0.84       135
           7       0.82      0.75      0.78       164
           8       0.53      0.58      0.56        86
           9       0.40      0.36      0.38        55
          10       0.43      0.47      0.45        60
          11       0.67      0.59      0.63       143
          12       0.41      0.41      0.41        64
          13       0.68      0.72      0.70       102
          14       0.48      0.59      0.53        64
          15       0.76      0.56      0.64        81
          16       0.89      0.99      0.94       207

    accuracy                           0.75      1932
   macro avg       0.68      0.67      0.67      1932
weighted avg       0.75      0.75      0.75      1932


model = MLPClassifier(hidden_layer_sizes=(15),max_iter=400, random_state=42, solver='lbfgs')

              precision    recall  f1-score   support

           1       0.70      0.73      0.72        90
           2       0.48      0.55      0.51        71
           3       0.76      0.82      0.79       178
           4       0.86      0.89      0.87       200
           5       0.89      0.87      0.88       232
           6       0.86      0.85      0.86       135
           7       0.78      0.76      0.77       164
           8       0.51      0.48      0.49        86
           9       0.35      0.35      0.35        55
          10       0.38      0.43      0.41        60
          11       0.63      0.57      0.60       143
          12       0.50      0.41      0.45        64
          13       0.70      0.70      0.70       102
          14       0.41      0.52      0.46        64
          15       0.58      0.40      0.47        81
          16       0.93      0.96      0.95       207

    accuracy                           0.72      1932
   macro avg       0.64      0.64      0.64      1932
weighted avg       0.72      0.72      0.72      1932


Using TfidfVectorizer

              precision    recall  f1-score   support

           1       0.75      0.84      0.79        90
           2       0.69      0.80      0.74        71
           3       0.91      0.87      0.89       178
           4       0.93      0.94      0.94       200
           5       0.92      0.91      0.92       232
           6       0.88      0.91      0.89       135
           7       0.89      0.85      0.87       164
           8       0.47      0.56      0.51        86
           9       0.64      0.69      0.67        55
          10       0.64      0.50      0.56        60
          11       0.83      0.70      0.76       143
          12       0.85      0.80      0.82        64
          13       0.79      0.78      0.79       102
          14       0.82      0.78      0.80        64
          15       0.94      0.89      0.91        81
          16       0.92      0.98      0.95       207

    accuracy                           0.84      1932
   macro avg       0.80      0.80      0.80      1932
weighted avg       0.84      0.84      0.84      1932


model = SVC(kernel='linear', C=10)

              precision    recall  f1-score   support

           1       0.79      0.80      0.80        90
           2       0.56      0.69      0.62        71
           3       0.77      0.81      0.79       178
           4       0.87      0.92      0.89       200
           5       0.89      0.84      0.86       232
           6       0.87      0.86      0.87       135
           7       0.79      0.80      0.80       164
           8       0.50      0.62      0.55        86
           9       0.39      0.49      0.44        55
          10       0.51      0.43      0.47        60
          11       0.72      0.62      0.66       143
          12       0.59      0.62      0.61        64
          13       0.71      0.66      0.68       102
          14       0.55      0.64      0.59        64
          15       0.88      0.53      0.66        81
          16       0.94      0.95      0.94       207

    accuracy                           0.76      1932
   macro avg       0.71      0.70      0.70      1932
weighted avg       0.77      0.76      0.76      1932


model = SVC(kernel='rbf', C=0.9)

              precision    recall  f1-score   support

           1       0.84      0.69      0.76        90
           2       0.58      0.46      0.52        71
           3       0.64      0.85      0.73       178
           4       0.81      0.93      0.87       200
           5       0.93      0.87      0.90       232
           6       0.91      0.84      0.88       135
           7       0.80      0.78      0.79       164
           8       0.58      0.47      0.52        86
           9       0.52      0.49      0.50        55
          10       0.49      0.37      0.42        60
          11       0.63      0.66      0.65       143
          12       0.49      0.55      0.51        64
          13       0.79      0.60      0.68       102
          14       0.39      0.61      0.48        64
          15       0.83      0.31      0.45        81
          16       0.84      0.96      0.89       207

    accuracy                           0.73      1932
   macro avg       0.69      0.65      0.66      1932
weighted avg       0.74      0.73      0.73      1932



model = RandomForestClassifier(max_depth=500, random_state=42)

              precision    recall  f1-score   support

           1       0.77      0.70      0.73        90
           2       0.53      0.28      0.37        71
           3       0.59      0.74      0.66       178
           4       0.68      0.87      0.76       200
           5       0.73      0.82      0.77       232
           6       0.83      0.83      0.83       135
           7       0.66      0.77      0.71       164
           8       0.47      0.28      0.35        86
           9       0.27      0.18      0.22        55
          10       0.45      0.28      0.35        60
          11       0.48      0.43      0.45       143
          12       0.51      0.41      0.45        64
          13       0.73      0.60      0.66       102
          14       0.47      0.38      0.42        64
          15       0.76      0.36      0.49        81
          16       0.72      0.91      0.80       207

    accuracy                           0.65      1932
   macro avg       0.60      0.55      0.56      1932
weighted avg       0.64      0.65      0.63      1932

Using TfidfVectorizer

              precision    recall  f1-score   support

           1       0.70      0.76      0.73        90
           2       0.65      0.72      0.68        71
           3       0.76      0.83      0.79       178
           4       0.82      0.96      0.89       200
           5       0.89      0.92      0.91       232
           6       0.91      0.90      0.91       135
           7       0.86      0.88      0.87       164
           8       0.69      0.50      0.58        86
           9       0.62      0.55      0.58        55
          10       0.60      0.45      0.51        60
          11       0.70      0.69      0.69       143
          12       0.90      0.58      0.70        64
          13       0.81      0.70      0.75       102
          14       0.76      0.58      0.65        64
          15       0.91      0.72      0.80        81
          16       0.81      0.98      0.89       207

    accuracy                           0.80      1932
   macro avg       0.77      0.73      0.75      1932
weighted avg       0.80      0.80      0.79      1932